3 0.112760 0.446181 0.102604 0.047917
3 0.828906 0.500694 0.145313 0.086111
3 0.064583 0.249653 0.120833 0.059028
2 0.930729 0.857986 0.137500 0.257639
3 0.261198 0.533333 0.218229 0.181944
3 0.086979 0.348264 0.146875 0.050694
2 0.227344 0.228819 0.159896 0.215972
2 0.229687 0.137847 0.212500 0.184028
2 0.539323 0.869097 0.051562 0.260417
2 0.809896 0.810069 0.118750 0.378472
2 0.328906 0.867361 0.082812 0.263889
2 0.106510 0.668750 0.101562 0.315278
2 0.156250 0.382639 0.021875 0.088889
2 0.049479 0.586806 0.086458 0.188889
0 0.584375 0.460417 0.455208 0.580556
