2 0.256771 0.688194 0.456250 0.622222
2 0.664323 0.336111 0.046354 0.088889
2 0.679688 0.660764 0.115625 0.677083
3 0.678646 0.215972 0.182292 0.031944
2 0.574740 0.402778 0.174479 0.301389
3 0.232552 0.153472 0.118229 0.044444
2 0.393229 0.110417 0.065625 0.100000
2 0.085417 0.225347 0.158333 0.157639
3 0.713542 0.292361 0.252083 0.059722
2 0.518490 0.212500 0.027604 0.104167
3 0.642448 0.153472 0.149479 0.029167
2 0.752604 0.345139 0.032292 0.079167
1 0.567969 0.233681 0.059896 0.082639
3 0.726823 0.383333 0.085938 0.027778
3 0.246615 0.308681 0.493229 0.140972
