3 0.025781 0.482986 0.051562 0.027083
3 0.882812 0.392014 0.127083 0.038194
3 0.033073 0.288542 0.065104 0.029861
3 0.500781 0.203819 0.089063 0.020139
2 0.802865 0.805556 0.061979 0.358333
0 0.232552 0.550694 0.465104 0.897222
0 0.722656 0.389931 0.404687 0.539583
3 0.710156 0.167014 0.080729 0.022917
3 0.824479 0.311111 0.134375 0.059722
2 0.897656 0.819792 0.143229 0.359028
3 0.444271 0.317708 0.205208 0.046528
2 0.958594 0.615278 0.081771 0.163889
3 0.753385 0.227431 0.129688 0.036806
2 0.961979 0.723611 0.075000 0.222222
3 0.495573 0.150694 0.099479 0.018056
3 0.491146 0.471528 0.340625 0.044444
