2 0.633594 0.152431 0.170313 0.210417
3 0.228125 0.383681 0.322917 0.078472
1 0.343750 0.255556 0.201042 0.111111
3 0.299479 0.078125 0.117708 0.031250
3 0.386719 0.110764 0.082812 0.015972
2 0.093229 0.584028 0.098958 0.231944
2 0.214062 0.342361 0.052083 0.054167
3 0.456250 0.157639 0.173958 0.022222
3 0.195833 0.150347 0.162500 0.084028
3 0.157292 0.121875 0.073958 0.042361
3 0.653385 0.258681 0.428646 0.104861
3 0.222135 0.230556 0.171354 0.036111
2 0.320833 0.168750 0.095833 0.108333
2 0.391927 0.608333 0.089063 0.641667
3 0.107552 0.226736 0.141146 0.068750
