3 0.363281 0.343750 0.139063 0.048611
3 0.509375 0.149653 0.287500 0.029861
3 0.257292 0.120139 0.073958 0.023611
3 0.296875 0.165625 0.105208 0.018750
3 0.256510 0.206944 0.150521 0.034722
3 0.861458 0.289236 0.051042 0.028472
3 0.495052 0.231944 0.343229 0.048611
3 0.451042 0.254514 0.131250 0.059028
2 0.233073 0.686806 0.099479 0.625000
3 0.114323 0.376736 0.117188 0.053472
3 0.112760 0.553125 0.150521 0.064583
2 0.700521 0.211458 0.050000 0.046528
2 0.762760 0.227431 0.070312 0.052083
2 0.323958 0.243750 0.108333 0.263889
1 0.749479 0.258333 0.176042 0.069444
2 0.883333 0.548264 0.232292 0.531250
2 0.967708 0.590278 0.063542 0.113889
3 0.112760 0.155903 0.108854 0.052083
3 0.068229 0.293403 0.136458 0.049306
2 0.707552 0.199306 0.091146 0.077778
