2 0.366667 0.179861 0.134375 0.206944
3 0.686198 0.201389 0.082812 0.041667
2 0.907031 0.551389 0.134896 0.354167
3 0.690625 0.164236 0.129167 0.043750
2 0.305729 0.375694 0.075000 0.097222
2 0.494271 0.757986 0.205208 0.482639
2 0.287240 0.550694 0.284896 0.245833
2 0.101302 0.315278 0.082812 0.116667
3 0.201042 0.319444 0.211458 0.063889
2 0.403646 0.326042 0.061458 0.061806
3 0.644792 0.526389 0.709375 0.498611
3 0.167708 0.252778 0.335417 0.108333
3 0.370052 0.287153 0.121354 0.029861
3 0.499219 0.182292 0.280729 0.049306
