1 0.159635 0.356250 0.139063 0.104167
3 0.956510 0.543750 0.081771 0.048611
3 0.791406 0.657986 0.133854 0.065972
2 0.898958 0.586458 0.090625 0.356250
3 0.566146 0.385069 0.683333 0.161806
3 0.078385 0.329167 0.040104 0.056944
2 0.896094 0.709375 0.083854 0.100694
2 0.881510 0.492361 0.064062 0.088889
2 0.167448 0.239583 0.334896 0.259722
2 0.062240 0.552431 0.124479 0.297917
1 0.161979 0.360417 0.137500 0.113889
3 0.865885 0.605556 0.267188 0.165278
2 0.057292 0.556944 0.114583 0.294444
3 0.082292 0.333681 0.043750 0.063194
3 0.540104 0.381944 0.638542 0.162500
3 0.437240 0.120139 0.152604 0.030556
2 0.181510 0.225694 0.363021 0.287500
3 0.678125 0.157986 0.097917 0.040972
3 0.241146 0.125694 0.044792 0.023611
